./aligned_img\18110333\1.png 269 199 443 409
./aligned_img\18110333\10.png 284 204 447 404
./aligned_img\18110333\100.png 253 195 415 400
./aligned_img\18110333\101.png 251 197 414 397
./aligned_img\18110333\102.png 251 197 414 397
./aligned_img\18110333\103.png 250 194 416 398
./aligned_img\18110333\104.png 250 194 416 398
./aligned_img\18110333\105.png 261 196 420 398
./aligned_img\18110333\106.png 266 194 424 399
./aligned_img\18110333\107.png 266 194 424 399
./aligned_img\18110333\108.png 279 204 433 395
./aligned_img\18110333\109.png 279 204 433 395
./aligned_img\18110333\11.png 284 204 447 404
./aligned_img\18110333\110.png 267 188 438 396
./aligned_img\18110333\111.png 267 188 438 396
./aligned_img\18110333\112.png 274 190 441 396
./aligned_img\18110333\113.png 274 190 441 396
./aligned_img\18110333\114.png 271 185 438 384
./aligned_img\18110333\115.png 271 185 438 384
./aligned_img\18110333\116.png 281 197 442 392
./aligned_img\18110333\117.png 289 194 447 391
./aligned_img\18110333\118.png 289 194 447 391
./aligned_img\18110333\119.png 287 183 454 387
./aligned_img\18110333\12.png 282 204 447 405
./aligned_img\18110333\120.png 287 183 454 387
./aligned_img\18110333\121.png 292 186 461 393
./aligned_img\18110333\122.png 292 186 461 393
./aligned_img\18110333\123.png 296 192 457 395
./aligned_img\18110333\124.png 296 192 457 395
./aligned_img\18110333\125.png 296 192 460 399
./aligned_img\18110333\126.png 296 192 460 399
./aligned_img\18110333\127.png 301 198 458 393
./aligned_img\18110333\128.png 298 184 464 390
./aligned_img\18110333\129.png 298 184 464 390
./aligned_img\18110333\13.png 282 204 447 405
./aligned_img\18110333\130.png 302 197 458 391
./aligned_img\18110333\131.png 302 197 458 391
./aligned_img\18110333\132.png 294 184 461 390
./aligned_img\18110333\133.png 294 184 461 390
./aligned_img\18110333\134.png 305 194 468 397
./aligned_img\18110333\135.png 305 194 468 397
./aligned_img\18110333\136.png 294 182 463 394
./aligned_img\18110333\137.png 294 182 463 394
./aligned_img\18110333\138.png 293 194 458 396
./aligned_img\18110333\139.png 286 197 445 390
./aligned_img\18110333\14.png 282 204 446 404
./aligned_img\18110333\140.png 286 197 445 390
./aligned_img\18110333\141.png 291 192 455 403
./aligned_img\18110333\142.png 291 192 455 403
./aligned_img\18110333\143.png 297 198 458 399
./aligned_img\18110333\144.png 297 198 458 399
./aligned_img\18110333\145.png 285 198 444 391
./aligned_img\18110333\146.png 285 198 444 391
./aligned_img\18110333\147.png 290 198 453 400
./aligned_img\18110333\148.png 290 198 453 400
./aligned_img\18110333\149.png 292 194 456 402
./aligned_img\18110333\15.png 282 204 446 404
./aligned_img\18110333\150.png 287 197 448 392
./aligned_img\18110333\151.png 287 197 448 392
./aligned_img\18110333\152.png 290 196 454 401
./aligned_img\18110333\153.png 290 196 454 401
./aligned_img\18110333\154.png 292 185 460 392
./aligned_img\18110333\155.png 292 185 460 392
./aligned_img\18110333\156.png 296 199 456 400
./aligned_img\18110333\157.png 296 199 456 400
./aligned_img\18110333\158.png 293 196 457 398
./aligned_img\18110333\159.png 293 196 457 398
./aligned_img\18110333\16.png 273 191 443 409
./aligned_img\18110333\160.png 296 195 458 398
./aligned_img\18110333\161.png 290 192 456 405
./aligned_img\18110333\162.png 290 192 456 405
./aligned_img\18110333\163.png 296 194 458 401
./aligned_img\18110333\164.png 296 194 458 401
./aligned_img\18110333\165.png 295 195 458 403
./aligned_img\18110333\166.png 295 195 458 403
./aligned_img\18110333\167.png 293 193 456 404
./aligned_img\18110333\168.png 293 193 456 404
./aligned_img\18110333\169.png 294 196 455 397
./aligned_img\18110333\17.png 273 191 443 409
./aligned_img\18110333\170.png 294 196 455 397
./aligned_img\18110333\171.png 296 194 458 402
./aligned_img\18110333\172.png 292 194 457 403
./aligned_img\18110333\173.png 292 194 457 403
./aligned_img\18110333\174.png 293 188 462 396
./aligned_img\18110333\175.png 293 188 462 396
./aligned_img\18110333\176.png 295 194 460 405
./aligned_img\18110333\177.png 295 194 460 405
./aligned_img\18110333\178.png 294 189 461 397
./aligned_img\18110333\179.png 294 189 461 397
./aligned_img\18110333\18.png 282 204 445 405
./aligned_img\18110333\180.png 295 195 460 405
./aligned_img\18110333\181.png 295 195 460 405
./aligned_img\18110333\182.png 294 191 460 396
./aligned_img\18110333\183.png 289 197 451 394
./aligned_img\18110333\184.png 289 197 451 394
./aligned_img\18110333\185.png 292 190 462 397
./aligned_img\18110333\186.png 292 190 462 397
./aligned_img\18110333\187.png 296 195 460 403
./aligned_img\18110333\188.png 296 195 460 403
./aligned_img\18110333\189.png 295 186 464 395
./aligned_img\18110333\19.png 282 204 445 405
./aligned_img\18110333\190.png 295 186 464 395
./aligned_img\18110333\191.png 297 200 459 403
./aligned_img\18110333\192.png 297 200 459 403
./aligned_img\18110333\193.png 298 194 462 404
./aligned_img\18110333\194.png 290 195 455 394
./aligned_img\18110333\195.png 290 195 455 394
./aligned_img\18110333\196.png 298 197 460 402
./aligned_img\18110333\197.png 298 197 460 402
./aligned_img\18110333\198.png 294 193 461 407
./aligned_img\18110333\199.png 294 193 461 407
./aligned_img\18110333\2.png 291 197 450 405
./aligned_img\18110333\20.png 283 196 450 406
./aligned_img\18110333\200.png 304 193 466 401
./aligned_img\18110333\201.png 304 193 466 401
./aligned_img\18110333\202.png 291 196 458 400
./aligned_img\18110333\203.png 291 196 458 400
./aligned_img\18110333\204.png 296 198 458 402
./aligned_img\18110333\205.png 296 198 458 402
./aligned_img\18110333\206.png 295 194 461 405
./aligned_img\18110333\207.png 295 194 461 405
./aligned_img\18110333\208.png 290 200 449 392
./aligned_img\18110333\209.png 290 200 449 392
./aligned_img\18110333\21.png 283 196 450 406
./aligned_img\18110333\210.png 297 196 458 400
./aligned_img\18110333\211.png 297 196 458 400
./aligned_img\18110333\212.png 293 189 462 395
./aligned_img\18110333\213.png 293 189 462 395
./aligned_img\18110333\214.png 293 190 461 395
./aligned_img\18110333\215.png 293 190 461 395
./aligned_img\18110333\216.png 299 191 462 395
./aligned_img\18110333\217.png 299 191 462 395
./aligned_img\18110333\218.png 296 196 461 403
./aligned_img\18110333\219.png 296 196 461 403
./aligned_img\18110333\22.png 288 196 455 406
./aligned_img\18110333\220.png 297 196 459 403
./aligned_img\18110333\221.png 297 196 459 403
./aligned_img\18110333\222.png 293 196 457 404
./aligned_img\18110333\223.png 293 196 457 404
./aligned_img\18110333\224.png 296 190 464 403
./aligned_img\18110333\225.png 296 190 464 403
./aligned_img\18110333\226.png 294 185 459 392
./aligned_img\18110333\227.png 294 185 459 392
./aligned_img\18110333\228.png 292 195 456 397
./aligned_img\18110333\229.png 292 195 456 397
./aligned_img\18110333\23.png 288 196 455 406
./aligned_img\18110333\230.png 284 192 451 397
./aligned_img\18110333\231.png 284 192 451 397
./aligned_img\18110333\232.png 291 190 457 398
./aligned_img\18110333\233.png 291 190 457 398
./aligned_img\18110333\234.png 275 186 447 395
./aligned_img\18110333\235.png 275 186 447 395
./aligned_img\18110333\236.png 282 184 453 398
./aligned_img\18110333\237.png 282 184 453 398
./aligned_img\18110333\238.png 281 185 451 398
./aligned_img\18110333\239.png 281 185 451 398
./aligned_img\18110333\24.png 283 194 455 409
./aligned_img\18110333\240.png 275 180 451 399
./aligned_img\18110333\241.png 275 180 451 399
./aligned_img\18110333\242.png 274 179 449 400
./aligned_img\18110333\243.png 274 179 449 400
./aligned_img\18110333\244.png 274 181 447 399
./aligned_img\18110333\245.png 274 181 447 399
./aligned_img\18110333\246.png 274 183 446 398
./aligned_img\18110333\247.png 274 183 446 398
./aligned_img\18110333\248.png 276 180 449 398
./aligned_img\18110333\249.png 276 180 449 398
./aligned_img\18110333\25.png 283 194 455 409
./aligned_img\18110333\250.png 276 179 450 399
./aligned_img\18110333\251.png 276 179 450 399
./aligned_img\18110333\26.png 279 200 446 406
./aligned_img\18110333\27.png 279 200 446 406
./aligned_img\18110333\28.png 286 188 455 402
./aligned_img\18110333\29.png 286 188 455 402
./aligned_img\18110333\3.png 288 197 449 403
./aligned_img\18110333\30.png 279 198 443 400
./aligned_img\18110333\31.png 279 198 443 400
./aligned_img\18110333\32.png 288 187 456 401
./aligned_img\18110333\33.png 288 187 456 401
./aligned_img\18110333\34.png 283 196 450 398
./aligned_img\18110333\35.png 283 196 450 398
./aligned_img\18110333\36.png 290 194 450 395
./aligned_img\18110333\37.png 290 194 450 395
./aligned_img\18110333\38.png 295 186 463 395
./aligned_img\18110333\39.png 295 186 463 395
./aligned_img\18110333\4.png 283 196 453 413
./aligned_img\18110333\40.png 287 184 454 391
./aligned_img\18110333\41.png 287 184 454 391
./aligned_img\18110333\42.png 298 192 457 391
./aligned_img\18110333\43.png 298 192 457 391
./aligned_img\18110333\44.png 294 188 457 394
./aligned_img\18110333\45.png 294 188 457 394
./aligned_img\18110333\46.png 302 192 458 387
./aligned_img\18110333\47.png 302 192 458 387
./aligned_img\18110333\48.png 296 183 462 388
./aligned_img\18110333\49.png 296 183 462 388
./aligned_img\18110333\5.png 283 196 453 413
./aligned_img\18110333\50.png 297 189 455 389
./aligned_img\18110333\51.png 297 189 455 389
./aligned_img\18110333\52.png 299 187 461 392
./aligned_img\18110333\53.png 299 187 461 392
./aligned_img\18110333\54.png 300 186 468 392
./aligned_img\18110333\55.png 300 186 468 392
./aligned_img\18110333\56.png 303 182 471 387
./aligned_img\18110333\57.png 303 182 471 387
./aligned_img\18110333\58.png 309 197 467 390
./aligned_img\18110333\59.png 309 197 467 390
./aligned_img\18110333\6.png 282 196 451 411
./aligned_img\18110333\60.png 310 195 469 392
./aligned_img\18110333\61.png 310 195 469 392
./aligned_img\18110333\62.png 317 186 471 375
./aligned_img\18110333\63.png 317 186 471 375
./aligned_img\18110333\64.png 311 193 476 399
./aligned_img\18110333\65.png 311 193 476 399
./aligned_img\18110333\66.png 316 189 477 395
./aligned_img\18110333\67.png 316 189 477 395
./aligned_img\18110333\68.png 321 185 480 383
./aligned_img\18110333\69.png 321 185 480 383
./aligned_img\18110333\7.png 282 196 451 411
./aligned_img\18110333\70.png 312 192 481 401
./aligned_img\18110333\71.png 312 192 481 401
./aligned_img\18110333\72.png 311 193 474 396
./aligned_img\18110333\73.png 311 193 474 396
./aligned_img\18110333\74.png 304 198 464 392
./aligned_img\18110333\75.png 304 198 464 392
./aligned_img\18110333\76.png 306 184 478 392
./aligned_img\18110333\77.png 306 184 478 392
./aligned_img\18110333\78.png 305 187 472 390
./aligned_img\18110333\79.png 305 187 472 390
./aligned_img\18110333\8.png 279 194 452 415
./aligned_img\18110333\80.png 301 188 467 389
./aligned_img\18110333\81.png 301 188 467 389
./aligned_img\18110333\82.png 300 196 459 394
./aligned_img\18110333\83.png 300 196 459 394
./aligned_img\18110333\84.png 295 191 464 396
./aligned_img\18110333\85.png 295 191 464 396
./aligned_img\18110333\86.png 293 192 457 395
./aligned_img\18110333\87.png 293 192 457 395
./aligned_img\18110333\88.png 270 188 445 399
./aligned_img\18110333\89.png 270 188 445 399
./aligned_img\18110333\9.png 279 194 452 415
./aligned_img\18110333\90.png 274 190 440 393
./aligned_img\18110333\91.png 274 190 440 393
./aligned_img\18110333\92.png 266 197 428 393
./aligned_img\18110333\93.png 266 197 428 393
./aligned_img\18110333\94.png 252 187 427 399
./aligned_img\18110333\95.png 257 192 420 398
./aligned_img\18110333\96.png 257 192 420 398
./aligned_img\18110333\97.png 256 196 418 399
./aligned_img\18110333\98.png 256 196 418 399
./aligned_img\18110333\99.png 253 195 415 400
